%YAML:1.0
e_vectors: !!opencv-matrix
   rows: 20
   cols: 128
   dt: f
   data: [ 3.55354487e-003, 1.96043309e-002, 2.27154735e-002,
       1.88384634e-002, -1.36700356e-002, -3.31445076e-002,
       -2.13144068e-002, -1.29690478e-002, 8.18509236e-002,
       1.71998572e-002, -1.51295690e-002, -3.58041488e-002,
       -7.26399571e-002, -3.38470042e-002, 1.18901180e-002,
       5.48401885e-002, -1.02976941e-001, -4.32195589e-002,
       2.66582007e-004, 2.83883102e-002, 5.87192439e-002,
       3.91424745e-002, 2.13802084e-002, -2.76920423e-002,
       -1.28684519e-002, 1.76244341e-002, 2.60482319e-002,
       3.02940216e-002, 1.65368628e-003, -1.01674013e-002,
       -6.81339437e-003, -1.32257156e-002, 4.60567288e-002,
       -1.03730359e-003, 3.04494356e-003, 6.23508543e-003,
       -1.91297438e-002, -3.39824110e-002, -3.22157219e-002,
       -2.00085919e-002, 2.62957126e-001, -3.46392603e-003,
       -9.93656144e-002, -1.89076334e-001, -2.10634232e-001,
       -5.21347374e-002, 8.17809701e-002, 2.18301952e-001,
       -2.82922864e-001, -1.99505970e-001, -5.32482564e-002,
       4.92569655e-002, 2.20956221e-001, 2.11176977e-001,
       1.25010714e-001, 7.01555004e-003, -3.71337906e-002,
       2.50443872e-002, 3.98997292e-002, 2.01640464e-002,
       -8.78124905e-004, -1.45964592e-003, 5.70872892e-003,
       1.11169191e-002, 5.00649288e-002, -2.73378529e-002,
       -3.84101048e-002, -3.05568017e-002, -1.39991436e-002,
       7.02533498e-003, 5.56073245e-003, 4.89618490e-003,
       2.63120860e-001, 2.10589200e-001, 7.31615275e-002,
       -5.56454621e-002, -2.04440266e-001, -1.93673551e-001,
       -9.32136998e-002, 6.53742347e-003, -2.81197131e-001,
       1.89885509e-003, 1.22394063e-001, 2.03041881e-001,
       2.25786999e-001, 4.82433625e-002, -5.35247177e-002,
       -1.94240257e-001, -3.50302681e-002, 4.78319032e-003,
       4.09919955e-003, -7.80902989e-003, -6.27471227e-003,
       2.88887285e-002, 4.23101708e-002, 3.14994529e-002,
       1.44889997e-002, -1.85833070e-002, -2.73174215e-002,
       -2.91789342e-002, -1.40312053e-002, 9.66986082e-003,
       1.87921375e-002, 2.40741614e-002, 8.57144818e-002,
       5.24520837e-002, -3.92706454e-004, -3.21366712e-002,
       -6.98951930e-002, -3.78350057e-002, -9.80839878e-003,
       1.76277682e-002, -1.12363279e-001, -3.01283039e-002,
       1.59292966e-002, 4.04987261e-002, 6.18990101e-002,
       2.75606457e-002, 3.17907357e-003, -4.22098637e-002,
       -3.74282664e-003, -2.01897901e-002, -2.09612381e-002,
       -1.70588903e-002, -1.44633977e-002, 2.91934889e-002,
       3.05009987e-002, 2.81239673e-002, 6.46879300e-002,
       -2.24842802e-002, -7.27803260e-002, -4.34781462e-002,
       2.04985365e-002, -4.30593230e-002, -6.10148013e-002,
       -2.95034610e-002, 3.73630971e-001, 3.21521387e-002,
       -9.76031572e-002, -8.22327733e-002, -2.27490775e-002,
       -6.55086711e-002, -9.37570482e-002, 3.87413129e-002,
       1.98163480e-001, -2.28887461e-002, -8.31250474e-002,
       2.96059391e-003, 1.42230943e-001, -3.81251425e-002,
       -1.17365539e-001, -2.13373080e-002, 2.05649193e-002,
       -3.43977921e-002, -4.03033718e-002, 2.62127835e-002,
       8.35983083e-002, -2.20222827e-002, -8.68945420e-002,
       -7.46308640e-002, 6.41647205e-002, -5.15362248e-002,
       -1.10674679e-001, -8.69468749e-002, 1.60314236e-002,
       -2.75109690e-002, -4.60233428e-002, -1.94367543e-002,
       1.67890906e-001, -2.18597837e-002, -8.06978345e-002,
       -7.40833580e-002, 1.48736581e-003, -7.52782077e-002,
       -1.76824600e-001, -1.12205856e-001, 1.38846576e-001,
       -2.97430381e-002, -4.72318232e-002, 3.27830724e-002,
       9.41104367e-002, -1.64616957e-001, -2.23684996e-001,
       -8.98763239e-002, 1.88587997e-002, -3.61419730e-002,
       -2.94142663e-002, 3.01760826e-002, 5.90167530e-002,
       -7.48145506e-002, -1.00800551e-001, -6.89818263e-002,
       4.75758426e-002, -3.07802055e-002, -4.74337414e-002,
       -2.30901837e-002, 1.68848783e-002, -7.57339820e-002,
       -1.08804360e-001, -5.76830767e-002, 1.64992541e-001,
       -9.38177556e-002, -1.33788750e-001, -3.00612710e-002,
       1.93916745e-002, -9.77353305e-002, -1.16287731e-001,
       -4.70455587e-002, 1.21776484e-001, -6.71554059e-002,
       -1.71687499e-001, -1.07331194e-001, 8.19141492e-002,
       -3.03755254e-002, -8.75788704e-002, -5.67336641e-002,
       2.99352743e-002, -7.03641772e-002, -9.54331607e-002,
       -4.68672812e-002, 5.07165790e-002, -3.04252971e-002,
       -4.60352376e-002, -1.74881816e-002, 4.71526012e-002,
       -3.79853398e-002, -5.20355068e-002, -2.07225066e-002,
       1.97059736e-002, -4.65324856e-002, -8.63175243e-002,
       -4.17371653e-002, 3.15407544e-001, 2.20527519e-002,
       -7.88563415e-002, -3.55066396e-002, 5.74960932e-003,
       -7.90232196e-002, -1.05579540e-001, 1.49128539e-002,
       1.86002582e-001, -9.45448643e-004, -9.39837545e-002,
       -2.66350657e-002, 1.23775169e-001, -1.95514522e-002,
       -8.47463980e-002, -2.95275263e-002, 2.99612321e-002,
       -4.76908684e-002, -6.69643059e-002, -2.52908599e-002,
       6.54699281e-002, -1.36897294e-002, -4.81109284e-002,
       -2.49940455e-002, -3.10518108e-002, -5.91838080e-003,
       -5.68410754e-003, -1.96206085e-002, 1.03092138e-002,
       3.33977826e-002, 1.91005189e-002, -8.70836154e-003,
       -1.88486457e-001, -1.06287319e-002, 9.07863397e-003,
       -7.74839567e-003, 2.14908011e-002, 4.86467630e-002,
       5.31667881e-002, -5.95896952e-002, -1.06590405e-001,
       7.54588051e-003, 3.86915961e-003, -4.95535061e-002,
       -4.61802632e-002, 3.69130075e-002, 5.21602444e-002,
       -3.62595618e-002, 1.09804776e-002, 1.40465796e-002,
       -1.35808503e-002, -8.93847495e-002, -5.79980016e-002,
       2.04117652e-002, 2.31406987e-002, 5.53822471e-003,
       -1.52126253e-002, -7.42918532e-003, -3.53840813e-002,
       -5.03177680e-002, 7.78346648e-003, 3.63622978e-002,
       2.69918535e-002, 2.33959332e-002, -1.82548631e-002,
       -6.86121136e-002, -6.36282191e-002, -8.30736533e-002,
       2.63607502e-002, 1.11443035e-001, 1.46554470e-001,
       1.08994491e-001, -8.76241550e-002, -6.29956648e-002,
       -1.18157655e-001, -2.32639760e-001, -3.13626267e-002,
       2.35721365e-001, 1.91239402e-001, 6.77625984e-002,
       -6.78984821e-003, -2.71149371e-002, -1.03809126e-001,
       -1.60481140e-001, -9.47753899e-003, 1.27008364e-001,
       9.22808647e-002, 2.18961537e-002, 6.09007142e-002,
       -4.77858493e-003, -3.69546115e-002, -5.51268384e-002,
       -1.08934809e-002, 8.84513371e-003, 4.92651854e-003,
       3.30710486e-002, 2.50009391e-002, -1.70809925e-001,
       -2.00836226e-001, -1.21146701e-001, 1.17484173e-002,
       8.18240717e-002, 5.09850010e-002, 9.08222497e-002,
       1.10775538e-001, -9.20834616e-002, -2.62643725e-001,
       -2.82088339e-001, 1.02977633e-001, 2.31302783e-001,
       1.07120976e-001, 6.72994554e-002, -4.04940732e-002,
       -6.29179552e-002, -1.27686024e-001, -1.06374256e-001,
       1.06038928e-001, 1.70750007e-001, 7.18649179e-002,
       -6.52297726e-003, 6.65150359e-002, 5.08962944e-003,
       -2.08949633e-002, -4.25588898e-002, -1.32721029e-002,
       -2.12982553e-003, 5.88484341e-003, 4.27941233e-002,
       2.65284121e-001, 5.12869731e-002, -7.02153891e-002,
       -5.90190478e-002, -3.27885039e-002, -1.37972990e-002,
       -7.80968601e-003, 6.52711466e-002, 7.93367177e-002,
       -5.61552530e-004, -8.43200311e-002, -3.98977026e-002,
       1.26967430e-001, 6.41764402e-002, -7.93151464e-003,
       -1.94917787e-002, -4.81863134e-002, -5.55805601e-002,
       -5.02012037e-002, -7.02017732e-003, 1.28532976e-001,
       1.04030110e-001, -2.94929603e-003, -3.97583619e-002,
       6.14803098e-003, 2.44051032e-003, -4.69329854e-004,
       4.49769981e-002, 6.04176484e-002, 1.70686916e-002,
